1 
2 
3 
4 1
5 1
6 1
7 1
8 1
9 1
10 1
11 1
12 1
13 1
14 1
15 1
16 1
17 1
18 1
19 1
20 1
21 1
22 1
23 1
24 1
25 1
26 1
27 1
28 1
29 1
30 2
31 3
32 3
33 3
34 3
35 3
36 4
37 4
38 4
39 5
40 5
41 6
42 6
43 6
44 6
45 6
46 7
47 7
48 6
49 7
50 7
51 6
52 7
53 7
54 6
55 6
56 6
57 6
58 6
59 6
60 7
61 8
62 9
63 9
64 9
65 9
66 9
67 9
68 9
69 10
70 11
71 11
72 11
73 11
74 11
75 11
76 11
77 11
78 10
79 10
80 10
81 10
82 10
83 10
84 9
85 8
86 8
87 9
88 10
89 10
90 10
91 11
92 11
93 11
94 11
95 11
96 11
97 11
98 11
99 10
100 10
101 9
102 9
103 9
104 8
105 7
106 7
107 6
108 6
109 6
110 6
111 7
112 7
113 6
114 6
115 5
116 5
117 4
118 4
119 5
120 6
121 6
122 6
123 6
124 7
125 7
126 7
127 7
128 7
129 8
130 9
131 9
132 9
133 9
134 9
135 9
136 9
137 9
138 9
139 9
140 8
141 8
142 8
143 8
144 9
145 10
146 10
147 10
148 10
149 11
150 11
151 10
152 11
153 11
154 10
155 10
156 10
157 9
158 8
159 8
160 8
161 8
162 9
163 10
164 10
165 10
166 10
167 10
168 10
169 11
170 12
171 13
172 13
173 13
174 13
175 13
176 13
177 14
178 14
179 13
180 12
181 11
182 11
183 11
184 11
185 10
186 9
187 9
188 9
189 8
190 8
191 8
192 9
193 10
194 10
195 10
196 10
197 10
198 10
199 11
200 12
201 13
202 13
203 13
204 13
205 13
206 13
207 14
208 14
209 14
210 14
211 14
212 14
213 14
214 14
215 14
216 14
217 14
218 14
219 14
220 14
221 14
222 14
223 14
224 13
225 12
226 11
227 11
228 11
229 11
230 10
231 9
232 9
233 9
234 8
235 8
236 8
237 7
238 6
239 6
240 5
241 5
242 5
243 5
244 5
245 6
246 7
247 8
248 8
249 7
250 6
251 5
252 5
253 6
254 6
255 5
256 4
257 3
258 4
259 4
260 4
261 4
262 3
263 4
264 4
265 4
266 4
267 5
268 5
269 5
270 4
271 4
272 4
273 4
274 4
275 4
276 4
277 3
278 4
279 4
280 4
281 4
282 4
283 4
284 3
285 4
286 4
287 4
288 3
289 4
290 4
291 4
292 4
293 4
294 4
295 4
296 4
297 4
298 4
299 3
300 4
301 4
302 4
303 4
304 3
305 4
306 5
307 5
308 5
309 5
310 4
311 3
312 4
313 5
314 5
315 5
316 5
317 5
318 5
319 4
320 3
321 4
322 4
323 4
324 4
325 4
326 4
327 4
328 4
329 3
330 4
331 4
332 4
333 4
334 4
335 3
336 4
337 5
338 5
339 5
340 5
341 5
342 6
343 7
344 7
345 7
346 7
347 6
348 5
349 5
350 4
351 3
352 4
353 5
354 5
355 5
356 5
357 5
358 5
359 5
360 6
361 6
362 5
363 5
364 5
365 5
366 4
367 3
368 2
369 1
370 1
371 1
372 2
373 3
374 3
375 3
376 4
377 4
378 5
379 5
380 5
381 5
382 5
383 5
384 5
385 5
386 5
387 5
388 5
389 5
390 5
391 5
392 5
393 5
394 5
395 5
396 5
397 5
398 5
399 5
400 5
401 5
402 5
403 4
404 3
405 2
406 1
407 1
408 1
409 2
410 2
411 2
412 2
413 2
414 2
415 1
416 1
417 2
418 2
419 2
420 2
421 2
422 2
423 2
424 2
425 2
426 2
427 2
428 3
429 3
430 3
431 2
432 1
433 0
434 0
435 1
436 1
437 1
438 1
439 1
440 0
441 0
442 1
443 1
444 1
445 1
446 1
447 2
448 3
449 3
450 3
451 3
452 4
453 4
454 3
455 3
456 4
457 4
458 4
459 4
460 4
461 4
462 4
463 4
464 5
465 5
466 5
467 5
468 5
469 5
470 5
471 5
472 5
473 5
474 5
475 4
476 4
477 5
478 6
479 6
480 6
481 6
482 6
483 6
484 5
485 5
486 5
487 5
488 5
489 5
490 5
491 6
492 6
493 6
494 6
495 6
496 6
497 5
498 5
499 5
500 5
501 5
502 5
503 4
504 3
505 3
506 3
507 3
508 3
509 3
510 2
511 1
512 0
